0 0
1 73
2 0
3 0
4 0
5 0
6 73
7 2
8 5
9 5
10 5
11 73
12 7
13 10
14 10
15 10
16 73
17 12
18 15
19 15
20 15
21 17
22 73
23 20
24 20
25 20
26 22
27 73
28 22
29 25
30 25
31 28
32 73
33 28
34 30
35 30
36 33
37 73
38 33
39 35
40 35
41 38
42 73
43 38
44 40
45 40
46 43
47 73
48 43
49 45
50 45
51 51
52 73
53 51
54 51
55 51
56 51
57 73
58 53
59 56
60 56
61 56
62 58
63 73
64 61
65 61
66 61
67 63
68 73
69 66
70 66
71 66
72 68
73 73
74 71
75 71
76 71
77 73
78 73
79 73
80 76
81 76
82 79
83 73
84 79
85 81
86 81
87 84
88 73
89 84
90 86
91 86
92 89
93 73
94 89
95 91
96 91
97 94
98 73
99 94
100 96
101 96
102 102
103 102
104 73
105 102
106 102
107 102
108 104
109 73
110 107
111 107
112 107
113 109
114 73
115 112
116 112
117 112
118 114
119 73
120 117
121 117
122 117
123 119
124 73
125 122
126 122
127 122
128 124
129 73
130 124
131 127
132 127
133 130
134 73
135 130
136 132
137 132
138 135
139 73
140 135
141 137
142 137
143 140
144 140
145 73
146 142
147 142
148 145
149 145
150 73
151 147
152 147
153 153
154 153
155 0
156 153
157 153
158 153
159 155
160 2
161 158
162 158
163 158
164 160
165 7
166 163
167 163
168 163
169 165
170 12
171 168
172 168
173 168
174 170
175 17
176 173
177 173
178 173
179 175
180 22
181 175
182 178
183 178
184 181
185 181
186 28
187 183
188 183
189 186
190 186
191 33
192 188
193 188
194 191
195 191
196 38
197 193
198 193
199 196
200 196
201 43
202 198
203 198
204 204
205 204
206 51
207 204
208 204
209 204
210 206
211 43
212 209
213 209
214 209
215 211
216 58
217 214
218 214
219 214
220 216
221 63
222 219
223 219
224 219
225 221
226 221
227 71
228 224
229 224
230 226
231 226
232 63
233 229
234 229
235 232
236 232
237 71
238 234
239 234
240 237
241 237
242 73
243 239
244 239
245 242
246 242
247 79
248 244
249 244
250 247
251 247
252 84
253 249
254 249
255 255
